4.802777377764384,-0.40501686533292136,0.4774057591954867:0.211025,0.957262,0.197782
4.760340478519599,-0.37757951617240904,0.3898859952886899:0.211028,0.957262,0.19778
4.929544657468796,-0.23381850893298783,0.675671241680781:-0.463278,0.0920516,-0.881419
4.8039475177725155,0.40514495770136516,0.4767776648203532:0.211022,-0.957263,0.197783
1.7966238677501678,-0.1212022880713145,0.4934985359509786:0.533994,0.646755,-0.544572
1.7896905601024629,-0.0835178720454375,0.5314563473065694:0.533995,0.64675,-0.544577
2.083099124332269,-0.09985566288232803,0.6933118919531503:0.209442,0.627675,-0.749772
2.220243175327778,-0.07977658609549204,0.7461811443169912:0.152934,0.529897,-0.834158
2.468859259287516,-0.31554649770259857,0.6578614314397176:0.113307,0.444545,-0.888561
2.3828255186478295,-0.3630172650019328,0.6166084965070089:0.254779,0.419546,-0.871245
2.587752584119638,-0.402937267223994,0.6369325796763102:0.15534,0.365346,-0.917819
2.7104168898115555,-0.339287535349528,0.672657855351766:0.0277001,0.383502,-0.923125
1.9725002268950143,-0.20351272424062095,0.5519546091556549:0.438564,0.635967,-0.634986
1.9106070756912232,-0.1834086298942566,0.5250349779923756:0.507262,0.614406,-0.60431
2.3672339652975403,-0.29659526447455087,0.6472748398780823:0.159093,0.481006,-0.862162
2.2906767785549165,-0.3086032857497533,0.6220919013023376:0.256198,0.463473,-0.848266
2.247503873705864,-0.358507306377093,0.5791492581367492:0.327462,0.497353,-0.803373
2.1588455855846407,-0.292752934495608,0.5832808454831442:0.332578,0.496116,-0.802035
2.0900147388378776,-0.29538230299949647,0.5472021063168844:0.425719,0.584263,-0.690941
2.0003344585498177,-0.2431435247262319,0.5338271498680115:0.467788,0.571462,-0.674245
2.7503325223922728,-0.07638099441925685,0.7776093463102977:-0.0426929,0.390782,-0.919493
2.6095371385124357,-0.075954303642114,0.7809789637724558:0.000861347,0.386515,-0.922283
2.5325899882862966,-0.11589470505714417,0.7605726937452951:0.0474652,0.452919,-0.890287
1.8844212969144185,-0.15173540115356446,0.537488083044688:0.458454,0.67114,-0.582574
1.9059317747751872,-0.10985018312931061,0.5984094599882761:0.462049,0.629127,-0.625068
1.8808664212624233,-0.08751987318197886,0.6042990962664286:0.396035,0.68677,-0.609511
2.3971348509192465,-0.07823661665121714,0.7701497733592987:0.0773852,0.449364,-0.889991
2.3213634684681894,-0.11337737441062927,0.7414330124855042:0.129566,0.532905,-0.836197
2.3174965371688208,-0.16695143977801005,0.7066911896069845:0.129567,0.532913,-0.836192
2.2163758615652718,-0.13335054516792297,0.7114392817020416:0.152942,0.529904,-0.834153
2.171703181664149,-0.1556984802087148,0.6838521162668864:0.264767,0.564744,-0.781641
2.103969284892082,-0.13813454707463582,0.6710639496644338:0.318306,0.553958,-0.769293
2.548980741451184,-0.20988126198450724,0.7152379830678305:0.101992,0.346866,-0.932353
2.525016870597998,-0.1824944406747818,0.7262874881426493:0.0474651,0.452917,-0.890288
2.410285644729932,-0.20437836746374766,0.7043942828973134:0.153276,0.438463,-0.885583
2.3416311716039977,-0.18723130226135254,0.6991810063521067:0.190688,0.397259,-0.897677
2.269090619683266,-0.24669336676597595,0.6511986116568247:0.209761,0.521267,-0.827213
2.2005736023187636,-0.23084163665771484,0.6417109866937002:0.257562,0.512563,-0.81911
2.129152994354566,-0.23834300438563027,0.6072975635528565:0.352603,0.56699,-0.744442
2.0715739538272224,-0.19927826523780823,0.6110652963320414:0.323926,0.609076,-0.723946
2.004729383190473,-0.1803107996781667,0.5938562254110972:0.385873,0.594961,-0.705069
2.0033326258262,-0.12468107839425405,0.6400356849034627:0.385874,0.594983,-0.70505
1.9803720792134605,-0.09490076452493668,0.6555444359779358:0.288579,0.668059,-0.685871
2.484451779226462,-0.3861882785956065,0.6276499470074972:0.202581,0.391123,-0.897766
2.571755849321683,-0.32966486513614657,0.6660692512989044:0.0728738,0.411822,-0.908346
2.6189328650633494,-0.22101773222287496,0.7173869788646698:0.0700714,0.378164,-0.923083
2.724386719055474,-0.22737548549969994,0.7195682843526204:0.0276992,0.383475,-0.923136
2.8052996317856014,-0.1477066864569982,0.7496670365333558:-0.00889651,0.332853,-0.942937
3.1458798268189034,-0.14670056700706482,0.7421134610970815:-0.0251651,0.334552,-0.942041
3.0245104709019266,-0.04525364488363266,0.7795533935228983:-0.0474716,0.265815,-0.962854
3.960470635816455,-0.11955420275529224,0.7226701398690542:-0.0335737,0.264182,-0.963888
4.2300018562624855,-0.10191773722569149,0.7148340185483297:-0.0347496,0.040711,-0.998567
4.782411383837461,-0.02408533816536268,0.6990699450174968:-0.0486164,0.157054,-0.986393
3.4321833624194062,-0.024086456621686618,0.7656336506207785:-0.048632,0.157064,-0.98639
3.783875369699672,-0.40047616759936017,0.6728971521059671:0.00704861,0.150415,-0.988598
3.9404547087227306,-0.26141118754943216,0.6968808511892954:-0.0222483,0.205032,-0.978502
3.37464834228158,-0.4255514164765676,0.6635738492012024:0.0200819,0.199794,-0.979632
3.532710393549254,-0.28069435358047484,0.6984442234039306:-0.0154686,0.262277,-0.964869
2.9652045097202064,-0.446016851067543,0.6461516141891479:0.0427219,0.255155,-0.965956
2.7616948559880257,-0.41254317661126455,0.6484663148721059:0.0955873,0.319765,-0.942663
3.12462688756641,-0.2982791393995285,0.6949459314346313:-0.00386966,0.332298,-0.943166
2.99606331383499,-0.23632870813210807,0.7154704988002777:-0.00253123,0.260767,-0.965398
3.5398534441677234,-0.22468119561672212,0.7135558267434439:-0.0154689,0.262292,-0.964865
3.616220253830155,-0.16292996952931085,0.7250710447629293:-0.0331348,0.198913,-0.979457
3.8114132955049476,-0.20809653302033743,0.7099470873673758:-0.0208013,0.153792,-0.987884
4.759671360005934,-0.18103666404883065,0.6915363311767578:-0.0246794,0.15434,-0.98771
4.756451417692006,-0.20617750336726506,0.6876883347829184:-0.0246792,0.154335,-0.98771
4.1898012333859995,-0.3808627513547738,0.6754115641117096:0.00871959,0.0352009,-0.999342
1.7896905601024629,0.08351735547184944,0.5314563473065694:0.533995,-0.64675,-0.544577
2.2690904607375466,0.24669336676597595,0.6511986116568247:0.209761,-0.521267,-0.827213
2.0003344585498177,0.2431435247262319,0.5338271498680115:0.467788,-0.571462,-0.674245
2.0983658959468205,0.27025723656018574,0.566769129037857:0.36154,-0.600879,-0.712905
2.1544809917608894,0.31004363199075063,0.566492110490799:0.380889,-0.483583,-0.788081
2.2652262464165687,0.3002708295981089,0.6164560914039612:0.209738,-0.521295,-0.827201
2.2833745201428735,0.3341972728570302,0.6035651425520578:0.309888,-0.451546,-0.836705
2.3487735788027444,0.36119457085927326,0.6113709330558776:0.267964,-0.460999,-0.845976
2.450352353851,0.3852067798376083,0.6238427639007569:0.211544,-0.428228,-0.878561
2.501381425559521,0.3211551954348882,0.662857856353124:0.109019,-0.406792,-0.906992
2.553658905625343,0.40294927259286245,0.6342541654904684:0.160709,-0.398613,-0.902928
2.6049625180661677,0.3329296638568242,0.6704765439033509:0.0700743,-0.37819,-0.923072
2.693784702320894,0.4154833396275838,0.6454242587089538:0.0980887,-0.37429,-0.922109
3.1458798268189034,0.14670046766599018,0.7421134213606516:-0.0251651,-0.334552,-0.942041
2.8052996127866208,0.14770656724770864,0.7496670365333558:-0.00889632,-0.332853,-0.942937
2.7503325123339892,0.07638064225514729,0.7776093463102977:-0.0426928,-0.390781,-0.919493
2.6014359494050345,0.10875803530216217,0.763937771320343:0.0440076,-0.381555,-0.923298
2.5419100940751376,0.07906299680471421,0.7760954161485036:0.000830471,-0.457632,-0.889141
2.3903840144475303,0.10436242818832397,0.7525604724884033:0.125561,-0.44276,-0.887805
1.8808244864145915,0.1777833600838979,0.5081162790457407:0.523088,-0.650675,-0.550456
1.9116617679595946,0.16603896816571553,0.5460894564787547:0.462049,-0.629126,-0.625068
1.9725002268950143,0.20351252555847169,0.5519546091556549:0.438564,-0.635967,-0.634986
2.004729383190473,0.18031060099601745,0.5938562651475271:0.385873,-0.594961,-0.705069
2.0974364628394446,0.23316794037818908,0.5975571016470591:0.361536,-0.600866,-0.712918
2.132191467285156,0.21786900162696837,0.6256530622641245:0.317585,-0.54769,-0.774064
2.200573662916819,0.23084163665771484,0.6417109866937002:0.257563,-0.512563,-0.81911
2.204439936081568,0.17726966738700867,0.6764504134654998:0.257567,-0.512591,-0.819091
2.272956891357899,0.1931213061014811,0.6859381337960562:0.209765,-0.521294,-0.827195
2.3499606281518934,0.16737119754155477,0.7143221060434977:0.126726,-0.466527,-0.875381
1.8774879256884258,0.11405005057652792,0.5754461924235026:0.458454,-0.671131,-0.582582
1.9068755090236664,0.09224862605333328,0.6192043364048004:0.417944,-0.641543,-0.64323
1.971419906616211,0.13009051680564881,0.6216360529263815:0.387434,-0.649081,-0.654667
2.0084015180667243,0.09834053417046865,0.6685492893060049:0.306551,-0.612527,-0.728586
2.0701770981152854,0.14364828368028004,0.6572447776794433:0.323928,-0.609097,-0.723928
2.112802414596081,0.10287119944890341,0.7039097706476847:0.220643,-0.572207,-0.789871
2.179627996683121,0.1298944503068924,0.7022988796234131:0.204853,-0.574573,-0.792402
2.2202433342734973,0.07977610677480698,0.7461811443169912:0.152934,-0.529897,-0.834158
2.330809703220924,0.08067921400070191,0.758874503771464:0.0729677,-0.538928,-0.839185
1.7966240266958873,0.1212019403775533,0.4934985359509786:0.533994,-0.646755,-0.544572
2.3989255353808403,0.30427860617637636,0.6529660860697428:0.153277,-0.438466,-0.885581
2.4102855448921523,0.20437812705834707,0.7043942828973134:0.153277,-0.438462,-0.885583
2.480219209690889,0.21564603149890899,0.7092896282672883:0.113306,-0.444541,-0.888563
2.558464844649037,0.18210259874661766,0.730595076084137:0.0450182,-0.40208,-0.914497
2.618932645767927,0.22101773222287496,0.7173869788646698:0.070072,-0.378164,-0.923083
2.7243867091834546,0.22737548549969994,0.7195682843526204:0.0276993,-0.383475,-0.923136
2.7779687934865556,0.33885071277618406,0.6798741777737936:0.0259774,-0.328897,-0.944008
3.0245104608436426,0.04525331954161326,0.7795533935228983:-0.0474715,-0.265815,-0.962854
3.9725972094883524,0.03591721331079801,0.735390818119049:-0.0474716,-0.265813,-0.962855
3.418686291947961,0.1172688399751981,0.7405425548553467:-0.0327625,-0.155329,-0.987319
4.782411373779178,0.024085329473018648,0.6990699450174968:-0.0486163,-0.157054,-0.986393
4.230001538371046,0.10191769748926163,0.7148340582847595:-0.0347496,-0.040711,-0.998567
3.5111808378249405,0.42274823983510335,0.6691212316354116:0.0166897,-0.258456,-0.965879
3.3971205214969813,0.27660098473231,0.7037943979104361:-0.0141053,-0.204023,-0.978864
3.920673685707152,0.3951767509182294,0.6764484167098999:0.00376386,-0.201874,-0.979404
3.80497053184857,0.2583846280972163,0.7022512475649515:-0.0208039,-0.153873,-0.987872
4.735843460046453,0.3463438794016838,0.6826623996098836:-0.000665588,-0.151372,-0.988477
4.214177077946563,0.21363428284724553,0.7010342458883921:-0.0202714,-0.0389428,-0.999036
4.759671379936238,0.18103646437327067,0.6915363311767578:-0.0246796,-0.154338,-0.98771
3.8114133254935347,0.20809653302033743,0.7099470873673758:-0.0208016,-0.153792,-0.987884
3.7516168132424355,0.16101797173420587,0.7208790103594461:-0.033134,-0.198913,-0.979457
3.5398534141791367,0.22468119561672212,0.7135558267434439:-0.0154686,-0.262292,-0.964865
2.996062991938864,0.23632868826389314,0.7154704590638479:-0.00253119,-0.260767,-0.965398
2.988916493502135,0.2923443635304769,0.7003582934538523:-0.00253138,-0.260777,-0.965396
3.101290660475691,0.44715165893236797,0.6547435800234477:0.0389612,-0.327303,-0.944116
3.015101044687132,-0.10935815870761871,0.758869343996048:-0.0251763,0.334554,-0.94204
2.940116637820999,-0.1678054849306742,0.7401158114274343:-0.0251682,0.334561,-0.942038
3.1600539959967135,-0.04525363246599833,0.7728707591692606:-0.0474718,0.265815,-0.962854
3.223060064887007,-0.08259394764900208,0.7594567557175954:-0.0474653,0.265792,-0.962861
3.4284088684866822,-0.05252668062845866,0.7595801591873169:-0.0335559,0.264307,-0.963855
3.555470005298654,-0.11596773167451221,0.7377581159273783:-0.0335679,0.264331,-0.963848
4.763570917894443,-0.14725827053189278,0.6944150149822235:-0.0347405,0.0408094,-0.998563
4.639276762679219,-0.0656890720129013,0.7020698448022207:-0.0347354,0.0407584,-0.998565
4.372390398010611,-0.06600100100040436,0.7126033624013265:-0.0486339,0.157211,-0.986367
4.242875115325053,-0.02410050705075264,0.7256662408510843:-0.0486153,0.157205,-0.986369
3.9642410720388095,-0.0911404624581337,0.7287182370821634:-0.0486124,0.157205,-0.986369
3.8365965257088344,-0.03248083218932152,0.7443593660990396:-0.0486314,0.157208,-0.986367
3.920059621427208,-0.3921198517084122,0.675141187508901:0.00707209,0.150412,-0.988598
3.996742822881788,-0.3209008028109868,0.6865252594153086:0.00707052,0.150408,-0.988599
3.7278646590809026,-0.3388941615819931,0.6854790091514588:-0.0222468,0.204995,-0.97851
3.804829332605004,-0.2655896693468094,0.699087635676066:-0.0222275,0.20503,-0.978503
3.510656152293086,-0.4186164344350497,0.6677778442700705:0.0201055,0.199791,-0.979632
3.587816453911364,-0.34393029908339184,0.684592709938685:0.0201013,0.199783,-0.979634
3.3197274542413653,-0.3605798274278641,0.6801445444424947:-0.0154737,0.262265,-0.964872
3.3970735759474335,-0.2841609378655751,0.6996762116750082:-0.0154669,0.262276,-0.964869
3.100881371771296,-0.4411528338988622,0.6534368912378946:0.0427203,0.255155,-0.965956
3.178248912841082,-0.3640323589245478,0.6772280693054199:0.04271,0.255137,-0.965961
2.9890163229002304,-0.30071245928605395,0.6946446657180786:-0.00386346,0.332298,-0.943167
2.9116187241937346,-0.37904707690080003,0.6673615356286368:-0.00385458,0.332311,-0.943162
3.131673744507134,-0.23389546672503153,0.7157717804114023:-0.00253609,0.260768,-0.965398
3.2042433626018463,-0.19533627529939016,0.7259969135125478:-0.0025338,0.260776,-0.965396
3.408979709818959,-0.19080510536829628,0.7248625099658966:-0.015462,0.262291,-0.964865
3.3387802434153855,-0.21120829482873282,0.7204413930575052:-0.015467,0.262283,-0.964867
3.415386575460434,-0.14789977023998896,0.7349167803923289:-0.0331344,0.198891,-0.979461
3.611696648597717,-0.19871643831332525,0.7179563562075296:-0.0331347,0.198911,-0.979457
3.821574921657642,-0.14217533965905507,0.7223404089609782:-0.0331155,0.19898,-0.979444
4.019143878792723,-0.16831662555535634,0.7117658575375875:-0.0208042,0.153873,-0.987872
3.947039019502699,-0.20391807109117507,0.7077404439449311:-0.0208224,0.153794,-0.987884
4.226101140429576,-0.1357071320215861,0.7119563261667887:-0.0246801,0.154338,-0.98771
4.354124835940699,-0.18894012620051703,0.7004388372103373:-0.0246824,0.154348,-0.987708
4.2142914334312085,-0.2278876249988874,0.6978468517462412:-0.0246797,0.154343,-0.987709
4.339091211743653,-0.3062617897987366,0.6824816703796387:-0.0246802,0.154338,-0.98771
4.607485175784677,-0.2780607817073663,0.6826757391293844:0.008713,0.0351545,-0.999344
4.734575015958399,-0.33744167300562067,0.6816942115624746:0.00871914,0.0352032,-0.999342
3.015101054745416,0.10935784180959066,0.7588694393634796:-0.0251764,-0.334553,-0.942041
2.940116627948979,0.16780536572138466,0.7401158114274343:-0.0251681,-0.334561,-0.942038
3.1600539959967135,0.04525333195924759,0.7728707591692606:-0.0474718,-0.265815,-0.962854
3.223059746995568,0.08259375393390656,0.7594567954540252:-0.0474653,-0.265792,-0.962861
3.5611562636991345,0.08259133199850718,0.7427894512812296:-0.0474611,-0.265768,-0.962868
3.4319506463905176,0.03591767797867457,0.7620427409807841:-0.0474715,-0.265818,-0.962854
3.9602694710095725,0.10960870186487834,0.7237797975540161:-0.0327605,-0.155168,-0.987345
3.830242753525575,0.06963583181301752,0.7343801140785218:-0.0327615,-0.15532,-0.987321
4.372390398010611,0.066000896692276,0.7126033624013265:-0.0486339,-0.157211,-0.986367
4.242875115325053,0.02410039280851682,0.7256662408510843:-0.0486153,-0.157205,-0.986369
4.763570917894443,0.14725827053189278,0.6944150149822235:-0.0347405,-0.0408094,-0.998563
4.639276762679219,0.06568902718524137,0.7020698448022207:-0.0347354,-0.0407583,-0.998565
3.375173455600937,0.42968326310316723,0.6649172365665436:0.016665,-0.258459,-0.965879
3.3166956776132186,0.3584623744090398,0.6829643885294596:0.0166783,-0.258437,-0.965884
3.5914205772181353,0.34261952588955563,0.6872345010439554:-0.0141057,-0.204022,-0.978865
3.532757288993647,0.27313429911931353,0.7025624096393586:-0.0141065,-0.204023,-0.978864
3.784489233085575,0.40353302558263143,0.6742043813069661:0.00373921,-0.201877,-0.979404
3.725547060316118,0.3364891394972801,0.6877958794434865:0.0037616,-0.201838,-0.979412
3.9998156640057765,0.31915776133537294,0.6886792302131652:-0.0208223,-0.153871,-0.987872
3.940595877977709,0.25420616467793783,0.7000444630781809:-0.0208244,-0.153875,-0.987871
4.329409639795388,0.3621515542268753,0.6805155615011851:-0.000664798,-0.151382,-0.988475
4.208249575871742,0.255685464044412,0.696902048587799:-0.000662873,-0.151388,-0.988474
4.618979212952157,0.2113930232822895,0.6929063399632772:-0.0202886,-0.0389036,-0.999037
4.741773719588916,0.3042951688170433,0.6867942988872529:-0.0202699,-0.0389515,-0.999036
4.226101140429576,0.13570723185936612,0.7119563261667887:-0.0246801,-0.154339,-0.98771
4.3541248258824155,0.18894002636273702,0.7004388372103373:-0.0246823,-0.154347,-0.987708
4.019143858676155,0.16831652571757635,0.7117658972740173:-0.020804,-0.153872,-0.987872
3.9470389895141125,0.20391807109117507,0.7077404042085013:-0.0208221,-0.153794,-0.987884
3.95697347112,0.14026363144318263,0.7181496242682138:-0.0331346,-0.198983,-0.979443
3.7470935359597206,0.19680434068044028,0.713764496644338:-0.033134,-0.19891,-0.979458
3.550782932713628,0.14598900377750396,0.7307248473167419:-0.0331284,-0.19889,-0.979462
3.338780263438821,0.21120819648106895,0.7204413930575052:-0.0154672,-0.262282,-0.964867
3.408979709818959,0.19080510536829628,0.7248625099658966:-0.015462,-0.262291,-0.964865
3.2042433706112208,0.19533617397149405,0.7259969532489776:-0.00253388,-0.260775,-0.965396
3.1316737415036187,0.23389546672503153,0.7157718201478322:-0.00253606,-0.260768,-0.965398
3.124526925175451,0.28991112510363265,0.700659575064977:-0.00253625,-0.260778,-0.965396
3.182805671310052,0.3633782833814621,0.6806627571582794:-0.0025238,-0.260756,-0.965401
2.90737174252669,0.3773315836985906,0.6709471186002096:0.0389522,-0.327319,-0.944111
2.965613788366318,0.4520153184731801,0.6474582632382712:0.0389629,-0.327303,-0.944116
3.8274559397250414,-0.10279437104860942,0.731898029645284:-0.0335926,0.264184,-0.963887
3.758562303955356,-0.11309867401917775,0.7314721584320069:-0.0335556,0.264307,-0.963855
4.363393596932292,-0.11325132362544536,0.709728580713272:-0.0347691,0.0407135,-0.998566
4.433728816856941,-0.0908293188860019,0.7081950743993124:-0.0347547,0.0407605,-0.998564
4.577938293914,-0.040860512852668764,0.706476883093516:-0.0486141,0.157206,-0.986369
4.647530276700854,-0.024085550258557,0.7057190835475922:-0.0486346,0.157056,-0.986391
3.5651983719319107,-0.04084657529989878,0.7564055581887563:-0.0486512,0.157066,-0.986389
3.6338515233248474,-0.03248064368963242,0.7543542345364889:-0.0486135,0.157206,-0.986369
3.7516168233007194,-0.16101797173420587,0.7208790103594461:-0.0331341,0.198913,-0.979457
4.626278094388544,-0.16970466872056325,0.6966402153174082:-0.0246828,0.15434,-0.987709
4.5574362086753055,-0.18079210768143336,0.6966291149457297:-0.024696,0.154281,-0.987718
4.620913289114833,-0.21160436818997064,0.6902283668518067:-0.024698,0.154337,-0.98771
4.5488463062172135,-0.24783924470345178,0.6863682687282562:-0.0246976,0.154339,-0.987709
4.397731206441919,-0.3364883165806532,0.6787888427575429:0.00871915,0.0352032,-0.999342
4.325994580828895,-0.3700081194440524,0.6769822259744008:0.00871887,0.035201,-0.999342
3.8374371311316886,0.0359172015140454,0.742054816087087:-0.0474721,-0.265813,-0.962855
3.7674739837646483,0.05458919902642568,0.7403494874636332:-0.047472,-0.265813,-0.962855
3.554082421461741,0.11535807351271311,0.7363506615161896:-0.0327574,-0.155328,-0.98732
3.623929330458244,0.09764237453540166,0.7368200898170472:-0.0327586,-0.155318,-0.987321
4.647529958809415,0.024085517351826034,0.7057190835475922:-0.0486346,-0.157056,-0.986391
4.577937976022561,0.04086045573155085,0.706476883093516:-0.0486141,-0.157206,-0.986369
4.363393596932292,0.11325128388901551,0.7097286204497019:-0.0347691,-0.0407135,-0.998566
4.433728816856941,0.09082924934724967,0.7081950743993124:-0.0347547,-0.0407605,-0.998564
4.60394689408713,0.3236786375443141,0.6862223863601684:-0.000669655,-0.151373,-0.988477
4.533699910115684,0.34586855719486875,0.6828716297944387:-0.00066678,-0.151379,-0.988476
4.415667530087133,0.21953865177929402,0.6967156112194062:-0.0202719,-0.0389465,-0.999036
4.346077419507007,0.2362996446589629,0.6974742591381073:-0.0202733,-0.038943,-0.999036
4.626278114505112,0.16970446904500328,0.6966403166453043:-0.024683,-0.154338,-0.98771
4.5574361986170215,0.1807919979095459,0.6966291149457297:-0.0246959,-0.15428,-0.987718
3.616220243771871,0.16292996952931085,0.7250710447629293:-0.0331347,-0.198913,-0.979457
3.5614241459717353,-0.06928679744402567,0.7503519654273987:-0.0335746,0.264309,-0.963853
3.6255507964640854,-0.09633883237838745,0.7406999866167704:-0.0335746,0.264309,-0.963853
3.420074085518718,-0.1178784966468811,0.7419500490029654:-0.0335751,0.264332,-0.963847
3.3571394796172775,-0.08148738245169321,0.7541206697622934:-0.0335619,0.264287,-0.96386
4.630177442356944,-0.13592628526190917,0.69951900045077:-0.0347418,0.0408095,-0.998563
4.567120184501012,-0.10216243515412013,0.7030911902586618:-0.0347355,0.040758,-0.998565
4.769032501305143,-0.10511469505727292,0.6959457635879517:-0.0347553,0.0407609,-0.998564
4.8411888215690855,-0.06864128621915977,0.6949230273564657:-0.0347558,0.0407602,-0.998564
4.168989724044998,-0.07437709520260492,0.7212959508101146:-0.0486301,0.157171,-0.986373
4.239651636158427,-0.049240857859452564,0.721818103392919:-0.0486147,0.157209,-0.986368
4.444129942854246,-0.03248079493641853,0.7144087076187133:-0.0486342,0.157208,-0.986367
4.375613241394361,-0.04086064994335174,0.7164513985315958:-0.0486345,0.157207,-0.986367
3.8312263856331508,-0.07438063075145086,0.7379460652669271:-0.0486314,0.157207,-0.986367
3.76686640282472,-0.04924076795578003,0.7451260805130004:-0.0486314,0.157208,-0.986367
3.971756276115775,-0.032480819771687194,0.7376953681310018:-0.0486308,0.157208,-0.986367
4.035042167454958,-0.06599698960781097,0.7292347550392151:-0.0486219,0.15717,-0.986374
3.5507829427719115,-0.14598900377750396,0.7307248473167419:-0.0331285,0.19889,-0.979462
3.7470935460180046,-0.19680444051822027,0.7137643615404764:-0.0331341,0.198911,-0.979457
3.95697347112,-0.14026363144318263,0.7181496242682138:-0.0331346,0.198983,-0.979443
4.359493179060519,-0.14704076796770096,0.7068508883317312:-0.0246994,0.154341,-0.987709
4.424043040970962,-0.16946020225683847,0.701734451452891:-0.0246972,0.154282,-0.987718
4.222881017997861,-0.16084813922643662,0.708108127117157:-0.0246781,0.154348,-0.987708
4.15296478079011,-0.18032107402880987,0.706812185049057:-0.0246798,0.154344,-0.987709
4.415451766426365,-0.23650569866100946,0.6914736668268839:-0.0246819,0.154337,-0.98771
4.345534453478952,-0.2559809630115827,0.6901775618394216:-0.0246792,0.154343,-0.987709
4.133634656046827,-0.33116343965133027,0.6837242464224497:-0.0246788,0.154341,-0.987709
4.2078481818238895,-0.27816845178604127,0.6901510000228882:-0.0246806,0.154338,-0.98771
4.813597659114748,-0.24773375491301217,0.6855409522851309:0.00872632,0.0351775,-0.999343
4.740038612329712,-0.2952981072167556,0.6832250555356344:0.00871282,0.0351545,-0.999344
4.532104853323351,-0.33967899295190973,0.6798488517602285:0.00871933,0.0352032,-0.999342
4.602021579413365,-0.3202043077598016,0.6811448554197946:0.00871932,0.0352032,-0.999342
3.357223645846049,0.09192842245101929,0.7502660771210988:-0.0474689,-0.265792,-0.962861
3.4283780184884867,0.06391951988140741,0.7544892489910126:-0.0474794,-0.26577,-0.962866
3.6335023110111555,0.04525309105714162,0.7495308895905813:-0.0474547,-0.265812,-0.962856
3.5647285733371974,0.054589492579301194,0.7503428022066752:-0.0474532,-0.265816,-0.962855
3.75824767164886,0.10411157210667928,0.731346849600474:-0.0327426,-0.155316,-0.987322
3.8270211142798267,0.09476086795330048,0.7305357297261557:-0.0327793,-0.15517,-0.987344
4.0344124605258305,0.058384243647257486,0.7293767015139262:-0.0327563,-0.155283,-0.987327
3.9634907923638822,0.08448366572459538,0.7276241819063822:-0.0327427,-0.155318,-0.987322
4.168989713986714,0.0743770107626915,0.7212959508101146:-0.04863,-0.157171,-0.986373
4.239651636158427,0.04924074361721674,0.7218181431293488:-0.0486147,-0.157209,-0.986368
4.444130250687401,0.03248070428768794,0.7144087076187133:-0.0486341,-0.157208,-0.986367
4.3756135592858,0.040860548118750256,0.7164513985315958:-0.0486345,-0.157207,-0.986367
4.567119866609573,0.10216239541769027,0.7030911902586618:-0.0347355,-0.040758,-0.998565
4.630177442356944,0.13592628526190917,0.6995189607143402:-0.0347418,-0.0408095,-0.998563
4.8411888215690855,0.06864129627744357,0.6949230273564657:-0.0347558,-0.0407603,-0.998564
4.769032501305143,0.10511468512316545,0.6959457238515219:-0.0347553,-0.0407609,-0.998564
4.193216887131954,0.37300619582335154,0.678944859902064:-0.000666847,-0.151382,-0.988475
4.133710071021535,0.31139277468125026,0.6884208460648855:-0.000666028,-0.151381,-0.988475
4.340150127142745,0.2783508057395617,0.6933420618375142:-0.00066687,-0.151388,-0.988474
4.401803189453979,0.32320323536793394,0.6864316165447235:-0.000666121,-0.151379,-0.988476
4.815004877187311,0.25944051034748555,0.6870556056499482:-0.0202804,-0.0389251,-0.999036
4.754517361459633,0.20596611785391966,0.6903663476308187:-0.02027,-0.0389012,-0.999037
4.547567651669184,0.242203983788689,0.6931555847326915:-0.0202716,-0.0389464,-0.999036
4.609877572705348,0.281629856924216,0.6903541445732116:-0.0202718,-0.0389518,-0.999035
4.424042713207503,0.16945999264717101,0.701734451452891:-0.0246971,-0.15428,-0.987718
4.359493169188499,0.14704077790180842,0.7068508883317312:-0.0246993,-0.154341,-0.987709
4.152964770731827,0.18032107402880987,0.7068122247854868:-0.0246797,-0.154344,-0.987709
4.222881037928164,0.1608480393886566,0.7081082284450531:-0.0246783,-0.154347,-0.987709
3.821574921657642,0.14217532972494762,0.7223404089609782:-0.0331155,-0.19898,-0.979444
3.611696966489156,0.19871633847554526,0.7179564913113913:-0.0331347,-0.19891,-0.979458
3.415386883293589,0.14789977023998896,0.7349167803923289:-0.0331343,-0.198891,-0.979461
4.953904887040456,-0.17821157450477282,0.4944387604792913:-0.876984,0.0965556,0.470719
4.859384852647781,-0.15064539437492688,0.3126824826002121:-0.876983,0.0965473,0.470722
4.957561308145523,0.16442879463235535,0.4984230875968933:-0.876978,-0.0965546,0.470729
4.863041639328003,0.13686288446187972,0.31666850845019023:-0.876987,-0.0965489,0.470715
1.6668823957443237,-0.1477806717157364,0.3715232948462168:0.542742,0.483246,-0.686953
1.6280060489972432,-0.1032023976246516,0.36969529787699384:0.575173,0.405889,-0.710233
1.6308933258056642,-0.0844725544253985,0.3847249726454417:0.566,0.48327,-0.667903
1.5762406329313914,-0.05150468125939369,0.35752256512641906:0.653959,0.379604,-0.654399
4.544264715413253,-0.4267523368199666,0.4174471239248912:-0.129416,0.924577,0.358342
4.704178856561581,-0.42593217492103574,0.4801915312806765:-0.108589,0.968535,0.223938
4.1257562023897965,-0.4784586548805237,0.41602547864119216:-0.11726,0.966493,0.228345
4.289393323411544,-0.471674245595932,0.48192360724012057:-0.0946003,0.990756,0.0972308
3.9430711559951304,-0.5019063313802083,0.47614061807592706:-0.0624445,0.99493,0.0788339
4.47562436312437,-0.39573128819465636,0.2788490891456604:-0.170844,0.911233,0.374789
4.6392709518472355,-0.38933968742688496,0.34444709569215776:-0.150447,0.957797,0.244929
4.045928277075291,-0.46507113973299663,0.26628246406714123:-0.15878,0.955378,0.249082
4.213246413568656,-0.4528751015663147,0.33562803516785306:-0.135397,0.983431,0.120546
3.857270018508037,-0.49757182200749717,0.3208613820374012:-0.101065,0.989745,0.100946
4.57848219871521,-0.4422194580237071,0.48682641287644707:-0.107656,0.930808,0.349296
4.736543960620959,-0.44415901104609173,0.5481257190306982:-0.0867747,0.97323,0.212823
4.16558564628164,-0.4850856860478719,0.49095862805843354:-0.095658,0.97139,0.217374
4.327401672800382,-0.48099580804506936,0.5551007891694705:-0.0735493,0.993638,0.0852852
3.7832028669615587,-0.5176727890968322,0.5484856680035591:-0.0624313,0.994928,0.0788769
4.50998104562362,-0.41125530799229937,0.3481185605128606:-0.150476,0.918033,0.366841
4.671755021810531,-0.40765927831331894,0.41231118390957516:-0.129816,0.963406,0.234515
4.085871321459611,-0.4717822730541229,0.3411269833644231:-0.138314,0.961116,0.23901
4.2513436449070765,-0.4623000780741374,0.4087617876629035:-0.115238,0.987334,0.109049
3.6916096955537796,-0.5213479320208232,0.3881234206259251:-0.101064,0.989746,0.100939
3.6618392397960027,-0.5261025945345561,0.46174797566297154:-0.0975934,0.995226,0.00125357
3.293754609425863,-0.5570218026638031,0.4200599110064407:-0.0790472,0.996818,-0.0102392
3.4987978231161834,-0.5371012330055237,0.5443996434410413:-0.047745,0.993919,-0.0992233
2.872042554616928,-0.5794760704040527,0.40810364807645483:-0.0428285,0.993814,-0.102463
3.087242293419937,-0.5564443687597911,0.5326728105545044:-0.0284911,0.989577,-0.141155
2.7310010517636933,-0.5730672299861908,0.4648260086774826:0.0539542,0.978419,-0.19946
2.5906524524092673,-0.5637334605058034,0.4611261248588562:0.0878097,0.961868,-0.259035
2.4935977990428606,-0.559532352288564,0.43298116823037464:0.157889,0.937817,-0.309145
2.499730023741722,-0.5384152511755625,0.4931184430917104:0.210534,0.902486,-0.375758
2.3850203161438306,-0.535489410161972,0.43345927198727924:0.234163,0.889574,-0.392206
2.3934347122907638,-0.5087997456391652,0.4929168730974197:0.286253,0.840944,-0.459209
2.2790937761465706,-0.5018704732259114,0.4329708099365234:0.301596,0.829798,-0.469548
2.2901543895403544,-0.4699692626794179,0.49115302562713625:0.349357,0.770866,-0.53265
2.1766099125146865,-0.45976950526237487,0.4310226023197174:0.354534,0.766175,-0.535986
2.190920783082644,-0.4236273308595021,0.4875769813855489:0.396125,0.70122,-0.59277
2.10231820444266,-0.39915184179941815,0.4557317574818929:0.415051,0.680145,-0.604264
1.980668673912684,-0.3260745644569397,0.44857176740964255:0.435448,0.609239,-0.662731
1.893718350927035,-0.29592997431755064,0.4175280412038167:0.454083,0.583033,-0.673707
1.8906236906846363,-0.23865716258684794,0.46221796472867327:0.466363,0.548305,-0.694166
1.7780947238206863,-0.2129467030366262,0.4054878354072571:0.487452,0.530667,-0.693385
1.7779784431060155,-0.1605375051498413,0.44588904182116196:0.482915,0.538668,-0.690384
1.7185185909271241,-0.140047025680542,0.41776175300280255:0.542747,0.483243,-0.686951
1.7218377371629079,-0.09794175525506338,0.4529944101969401:0.501257,0.566056,-0.654464
1.6623580157756805,-0.07561414241790772,0.42054708003997804:0.599387,0.530126,-0.599751
1.5102089663346607,-0.05150618404150009,0.29153052965799964:0.653977,0.379619,-0.654372
1.4698302567005157,-0.04773456106583277,0.2552647868792216:0.663531,0.164463,-0.729848
1.540686349074046,-0.10036509931087494,0.29710546930631004:0.595569,0.426089,-0.680988
1.4977355261643728,-0.10636440416177113,0.2577201942602793:0.616911,0.279523,-0.735722
1.589425863822301,-0.15937909881273907,0.3021674871444702:0.542741,0.483244,-0.686955
1.5586794416109722,-0.1874672681093216,0.26135965188344323:0.553506,0.396566,-0.73237
1.669130794207255,-0.23862226406733195,0.3092347284158071:0.487458,0.530676,-0.693374
1.6411383142073948,-0.27390794157981874,0.26339832743008934:0.492483,0.510426,-0.70493
1.7561132619778317,-0.30874447027842206,0.31455872853597006:0.451035,0.577538,-0.680454
1.7317022999127705,-0.34715485374132793,0.26484330693880714:0.443977,0.597442,-0.667793
1.8232937494913737,-0.3810886184374491,0.29188573559125264:0.403162,0.651513,-0.642644
1.9512880404790243,-0.45235753258069356,0.2944544712702433:0.383487,0.714709,-0.584918
2.0448023905356725,-0.47676470279693606,0.3231648623943329:0.349642,0.748687,-0.563222
2.0322483122348785,-0.5109990517298381,0.26560109853744507:0.308649,0.805537,-0.505811
2.149706276257833,-0.5190560340881347,0.32363592386245726:0.298671,0.813467,-0.499066
2.140196956197421,-0.5487880448500315,0.2645906607309977:0.251565,0.864374,-0.4354
2.2580865581830345,-0.552939252058665,0.32283700307210283:0.233235,0.875806,-0.42257
2.251126863559087,-0.5773735503355663,0.2628097345431646:0.182998,0.916282,-0.356284
2.3692098552982013,-0.5772478759288788,0.32123460471630094:0.158468,0.927452,-0.338706
2.364405982196331,-0.5961893320083618,0.2608541578054428:0.109073,0.9554,-0.274435
2.4627331543713806,-0.59710520307223,0.2894139384229978:0.0560009,0.970185,-0.235806
2.6081377889961006,-0.602431853612264,0.2923518046736717:0.0245553,0.983572,-0.178838
2.9726232800632717,-0.5806352019309997,0.3624235351880391:-0.0409644,0.990379,-0.132182
2.7530523182203375,-0.6055135905742646,0.23731818223992981:-0.0546575,0.994003,-0.0947152
3.3981668946643673,-0.5508537888526917,0.37864037081599233:-0.0755016,0.993858,-0.0809105
3.1890335428218046,-0.5747509976228078,0.2520370620768517:-0.106672,0.99427,0.00689612
3.5679650470614432,-0.5325327336788177,0.29970335451265173:-0.132785,0.990874,0.0231799
1.6944042543570201,0.08374555185437202,0.43743698795636493:0.537124,-0.650112,-0.53745
1.5762407918771106,0.051504121224085486,0.35752256512641906:0.653959,-0.379604,-0.654399
1.6308933258056642,0.08447201053301492,0.3847249726454417:0.566,-0.48327,-0.667903
1.6280060489972432,0.10320187111695607,0.36969529787699384:0.575173,-0.405889,-0.710233
1.6668823957443237,0.14778033395608264,0.3715232948462168:0.542742,-0.483246,-0.686953
1.6948021272818248,0.08769804239273071,0.43489788571993515:0.551513,-0.463624,-0.693459
1.7774260073900223,0.13598947127660116,0.4624146997928619:0.498507,-0.571044,-0.652227
1.749912707010905,0.16031000018119812,0.4242192804813385:0.505373,-0.497728,-0.704886
4.567582337061564,0.43532910148302717,0.46510473986466727:-0.107656,-0.930811,0.349286
4.684501932561398,0.41162976423899333,0.4356660222013791:-0.129817,-0.963351,0.23474
4.1528426806132,0.48110955754915874,0.46758219947417573:-0.0956583,-0.971389,0.217378
4.26596728687485,0.4633800745010376,0.43399092281858126:-0.115238,-0.987334,0.109051
3.7062333198885122,0.5224280416965484,0.41334115490317347:-0.101067,-0.989734,0.101055
4.499081285297871,0.40436759988466897,0.3264065851767858:-0.150477,-0.918076,0.366734
4.619471850494544,0.3749608258406322,0.3000091344118118:-0.170485,-0.951835,0.254842
4.073128125568231,0.4678088327248891,0.31776514450709026:-0.138312,-0.961155,0.238855
4.189727706710498,0.444486387570699,0.2877476478616397:-0.155108,-0.979064,0.131817
3.614456185698509,0.5259388208389282,0.25308965767423314:-0.13793,-0.982898,0.12201
4.601733550429344,0.45075217088063557,0.5345270911852519:-0.0852333,-0.936615,0.339836
4.716925667474667,0.42990795969963075,0.5035664195815722:-0.108589,-0.968533,0.223949
4.192615424841643,0.487688551346461,0.5425462236007055:-0.0734893,-0.975779,0.206045
4.304017085333665,0.47275443474451706,0.5071405224502087:-0.0946015,-0.990744,0.0973546
3.783203155050675,0.5176724712053935,0.5484856379528841:-0.062431,-0.994928,0.0788768
3.882241583863894,0.5094775597254435,0.4948301828466356:-0.0794476,-0.996789,-0.00999502
3.5524420515944564,0.5335516095161438,0.5136390294879675:-0.0501551,-0.998346,-0.028097
3.3839903481304647,0.54533265431722,0.45970714166760446:-0.075503,-0.99386,-0.0808847
3.138878789419929,0.557100127140681,0.5054707509775956:-0.0302534,-0.993388,-0.110747
2.9648099467158318,0.5700980981191,0.443801744778951:-0.0409656,-0.990381,-0.132164
2.7163264252245427,0.5644091904163361,0.49266859591007234:0.0856333,-0.971412,-0.221419
2.6079907213648164,0.5706793904304505,0.4326411748925845:0.0559936,-0.970194,-0.235772
2.534157413740953,0.5446146587530772,0.492518745859464:0.210225,-0.91456,-0.345521
2.460793266197046,0.5520642916361491,0.43303680221239726:0.158468,-0.927443,-0.338728
2.4270948956410088,0.518146413564682,0.49235874116420747:0.287716,-0.856451,-0.428614
2.3529431382815043,0.5248781859874725,0.43335179686546327:0.233235,-0.875812,-0.422558
2.3229978134234748,0.48236940701802566,0.4907905797163646:0.352989,-0.788764,-0.503239
2.2477928529183067,0.48826080163319907,0.43253415425618486:0.298672,-0.813478,-0.499048
2.2227437406778336,0.438677183787028,0.48748248219490053:0.401795,-0.720212,-0.565558
2.1465256452560424,0.4437715828418732,0.4301711122194926:0.349643,-0.748689,-0.563218
2.096942530075709,0.3700593570868175,0.4794109026590983:0.448175,-0.640567,-0.623549
1.989176094532013,0.35491742094357803,0.42248100837071734:0.403139,-0.651521,-0.64265
1.919110585252444,0.2590246101220449,0.46384917100270584:0.471028,-0.557926,-0.683265
1.8387385954459508,0.2574276606241862,0.41107289791107177:0.444514,-0.56585,-0.694422
1.7780947238206863,0.2129467030366262,0.4054878354072571:0.487452,-0.530667,-0.693385
4.533365053435166,0.4198693831761678,0.39574444989363355:-0.129418,-0.924654,0.358142
4.652017862598101,0.39331442713737486,0.3678143948316574:-0.150448,-0.957771,0.245029
4.113012570391099,0.47448356747627257,0.39265339175860087:-0.11726,-0.966502,0.228306
4.22787013699611,0.45395460923512776,0.360843309511741:-0.135401,-0.983413,0.120687
3.6916096955537796,0.5213479320208232,0.3881234206259251:-0.101064,-0.989746,0.100939
3.7942379208902515,0.5079765896002452,0.3378357143762211:-0.115377,-0.993246,0.0123095
3.4539650306105614,0.5450441300868988,0.349111738614738:-0.0790485,-0.996818,-0.0102109
3.2812152298788226,0.5610915740331014,0.29281305596232415:-0.102185,-0.992759,-0.0631439
3.0264205073316894,0.5803008953730265,0.33562708248694734:-0.0428064,-0.993809,-0.102524
2.8479687187820675,0.5952202002207438,0.2732705456515153:-0.0527539,-0.990922,-0.123652
2.592364311714967,0.594880982240041,0.3203134223818779:0.0539573,-0.978423,-0.199441
2.481171315908432,0.6029260019461313,0.2608080650369326:0.0264197,-0.9765,-0.213894
2.405314419170221,0.5818392872810364,0.3202283551295598:0.157889,-0.937806,-0.309177
2.3299410335719584,0.5903184632460277,0.2612984538078308:0.109756,-0.946611,-0.303118
2.2934369643529258,0.5606727381547292,0.3216569761435191:0.234164,-0.889584,-0.392183
2.2173799216747283,0.5683710833390554,0.2632953862349192:0.182401,-0.904221,-0.386154
2.1842372943957646,0.5299307684103648,0.3224561204512914:0.301595,-0.829791,-0.469561
2.1072308177749313,0.5367081701755524,0.2649431049823761:0.249157,-0.849685,-0.464711
2.0785235385100047,0.49056416352589927,0.3221242904663086:0.354531,-0.766165,-0.536003
2.0002867529789605,0.4962555428345998,0.2656733254591624:0.304365,-0.789612,-0.5328
1.9444609820842742,0.42402578592300416,0.3193055709203084:0.415057,-0.680138,-0.604269
1.833262836933136,0.4091540257136027,0.2646008630593618:0.372239,-0.688607,-0.622302
1.785577658812205,0.3299618283907573,0.3151852051417033:0.45409,-0.583045,-0.673692
1.7030549079179764,0.32726903160413107,0.26274986267089845:0.440917,-0.592637,-0.674072
1.6964842875798543,0.2625482102235158,0.3110375046730042:0.483824,-0.525202,-0.700055
1.613367034991582,0.2527908146381378,0.26005303462346396:0.496229,-0.514828,-0.699077
1.61324982047081,0.18613923390706383,0.30598780115445456:0.524201,-0.460607,-0.716278
1.5319361448287965,0.16508436898390452,0.25620953241984046:0.572839,-0.411925,-0.708642
1.550549719731013,0.11480046709378561,0.3003395974636078:0.57517,-0.405887,-0.710236
1.4848336776097615,0.09446996847788494,0.25413774053255717:0.637697,-0.289822,-0.713684
1.5181656738122304,0.0664983739455541,0.29635574022928873:0.620377,-0.352107,-0.700824
1.4573465327421824,0.035069883118073145,0.250587530930837:0.696202,-0.173262,-0.696622
4.917551255226135,-0.06584028527140617,0.40365562041600545:-0.876982,0.0965495,0.470724
4.895738484462102,-0.2630168043076992,0.4034655640522639:-0.876985,0.0965546,0.470718
4.899395291010539,0.24923326447606087,0.4074509878953298:-0.876986,-0.096546,0.470717
4.921208182970683,0.05205887506405513,0.4076409459114075:-0.876981,-0.0965621,0.470724
4.683536440630753,-0.40921009580294293,0.4224797457456589:-0.1294,0.924581,0.358336
4.764074183007081,-0.4073331356048584,0.44672287205855055:-0.129409,0.924598,0.358291
4.485292163242896,-0.44389607906341555,0.4517472594976425:-0.108589,0.968534,0.223941
4.566752480218808,-0.4405588368574779,0.47681286185979843:-0.108589,0.968535,0.223938
4.26522896339496,-0.4627440710862477,0.4211337183912595:-0.117258,0.966494,0.228343
4.347709376364946,-0.4588631351788839,0.4470650499065717:-0.117261,0.966498,0.228323
4.068374468882879,-0.4898227830727895,0.45180495927731196:-0.0946092,0.990748,0.097297
4.151798487703005,-0.48449395298957826,0.4786678053438663:-0.0946196,0.990753,0.0972419
3.821870600307981,-0.5113356669743856,0.4991438436011473:-0.0624382,0.99493,0.0788418
4.618584493796031,-0.37235796252886455,0.28718775908152266:-0.170843,0.911233,0.374789
4.700967148939768,-0.3675622840722402,0.31307849089304607:-0.170838,0.911223,0.374815
4.414852640529474,-0.41604965925216675,0.31103995194037753:-0.150463,0.95779,0.244947
4.498156291743119,-0.40979653398195903,0.3377596477667491:-0.150465,0.957792,0.244937
4.189153383175532,-0.4435661832491557,0.2750950550039609:-0.158768,0.955382,0.249076
4.273513287802537,-0.43679041067759194,0.3028786137700081:-0.158769,0.955384,0.249067
3.9866014723976453,-0.47970909078915913,0.29995625888307886:-0.135415,0.983424,0.120584
4.07189850260814,-0.4714839259783427,0.32866809144616127:-0.135419,0.983426,0.120559
3.732206139961878,-0.5123424887657165,0.34047307694951695:-0.101062,0.989745,0.100949
4.715908475220203,-0.427592796087265,0.49020514388879144:-0.107655,0.930808,0.349295
4.795521942774455,-0.4271702607472737,0.5136176307996114:-0.107656,0.930809,0.34929
4.520427553604047,-0.4577506164709727,0.5221597974499067:-0.0867765,0.973226,0.212842
4.600964408119519,-0.455870904525121,0.5464014147718748:-0.0867798,0.973229,0.212826
4.303180312861999,-0.4722660799821218,0.4942143797874451:-0.095637,0.971394,0.217363
4.384723301728566,-0.4698328018188477,0.519218469162782:-0.0956372,0.971395,0.217362
4.10919937590758,-0.49480286836624143,0.5277731701731682:-0.0735586,0.993642,0.0852284
4.191681538025539,-0.49092123508453367,0.5536969318985939:-0.0735473,0.993639,0.0852841
3.9044035408645867,-0.5082433919111888,0.5254814128081003:-0.0624356,0.994927,0.0788793
3.979628705481688,-0.5046102543671925,0.5392114743590355:-0.0624512,0.994929,0.0788454
4.651096006731192,-0.39079846143722535,0.354805847009023:-0.150461,0.918038,0.366835
4.732558323442936,-0.3874649147192637,0.3798826992511749:-0.150481,0.918076,0.366733
4.450101301570733,-0.4299952467282613,0.38137463082869844:-0.129815,0.963379,0.234627
4.53248339643081,-0.4252014180024465,0.4072782610853513:-0.129833,0.963401,0.234524
4.227219132582347,-0.45317350427309677,0.34808686772982284:-0.138291,0.961122,0.238998
4.310641150176525,-0.4478482246398926,0.3749547531207402:-0.13831,0.961149,0.238879
4.027509342879057,-0.48479023774464924,0.37586587071418764:-0.115229,0.987329,0.109101
4.111870683481295,-0.4780147631963094,0.4036537490785122:-0.115238,0.987334,0.109049
3.8166734742621578,-0.5065772652626037,0.3685113263626893:-0.101066,0.989746,0.10094
3.8938247802356876,-0.5002729813257853,0.3839294282098611:-0.101047,0.989743,0.100986
3.801520845293999,-0.5124133706092835,0.467362658023679:-0.0975754,0.995227,0.00126664
3.4336713473002116,-0.5458591242631277,0.4266119317151606:-0.0790472,0.996818,-0.0102392
3.5367382489144803,-0.537099148829778,0.4837375717237592:-0.0790486,0.996818,-0.0102423
3.257853280256192,-0.554911591609319,0.4819163848956426:-0.0477323,0.993916,-0.0992572
3.3629589516669514,-0.5440412402153015,0.540230477352937:-0.0477223,0.993919,-0.0992382
3.0121474816153446,-0.5726240793863933,0.41601414630810424:-0.0428094,0.993814,-0.102475
3.1193883825093507,-0.5617972155412038,0.4762012993295987:-0.042818,0.993812,-0.102493
2.842048999853432,-0.5731698115666707,0.4649073953429858:-0.0284898,0.989578,-0.141154
2.9514421897009013,-0.5613883753617604,0.5254221836725871:-0.0284905,0.989577,-0.141155
2.6197008391221366,-0.5794593334197998,0.40336312850316364:0.053958,0.97842,-0.199458
2.701952964067459,-0.5573414584000905,0.5225891460975011:0.0878045,0.961868,-0.259038
1.9900473684072495,-0.38291440208752947,0.39689132173856095:0.415059,0.680144,-0.60426
2.092939351002375,-0.34231218695640564,0.5074120620886485:0.43544,0.609242,-0.662734
1.9387762536605198,-0.3968077977498372,0.3483947416146596:0.403138,0.651518,-0.642654
1.835805434981982,-0.43663841287295024,0.23794536391894022:0.383512,0.714704,-0.584907
2.5766803110639254,-0.588867841164271,0.3503649145364761:0.0559953,0.970185,-0.235809
2.4941908122350775,-0.6106691757837931,0.23140092839797338:0.0245591,0.983572,-0.178836
2.832518363123139,-0.5874873340129853,0.35451279679934183:-0.0409836,0.99038,-0.132168
2.720970828831196,-0.6002221882343293,0.29366741329431534:-0.0409766,0.990382,-0.132154
3.0068590082228184,-0.5849749823411305,0.3064006293813388:-0.0546569,0.994003,-0.0947129
2.897465660298864,-0.5967562774817149,0.24588617086410522:-0.0546578,0.994003,-0.094715
3.258250156790018,-0.5620164672533672,0.37208838015794754:-0.0755016,0.993858,-0.0809104
3.151106695085764,-0.5750004649162292,0.3125815759102504:-0.075501,0.993858,-0.0809091
3.438135010500749,-0.5484909176826477,0.3192829249116282:-0.106683,0.994269,0.00693087
3.3330292388796807,-0.5593628227710724,0.26096911953451735:-0.106692,0.994268,0.006909
3.7115174834926923,-0.5135044475396474,0.3087130849560102:-0.132807,0.990871,0.0231625
4.768272088219722,0.409940509001414,0.4593061665693919:-0.107654,-0.930792,0.349338
4.694110651810964,0.4138099332650502,0.4467600345611572:-0.107674,-0.930806,0.349293
4.481966731945674,0.43993307948112487,0.4398153414328893:-0.129834,-0.963371,0.234647
4.557972982029121,0.4331488311290741,0.45401092718044916:-0.129799,-0.963355,0.234731
4.352860326568286,0.4598927120367686,0.46077684859434764:-0.0956364,-0.971394,0.217365
4.277690405895313,0.46431406537691755,0.4474620044231415:-0.095636,-0.971394,0.217367
4.064067222426336,0.4874927083651225,0.43893731584151585:-0.115239,-0.987327,0.109107
4.141119331369798,0.48017566800117495,0.45411101877689364:-0.115258,-0.98733,0.109063
3.930379262814919,0.5029768645763397,0.44700089370210966:-0.101058,-0.989742,0.100991
3.8459149253865084,0.5087390204270681,0.4189581846197446:-0.101049,-0.989737,0.101045
4.7053029547135035,0.3702346960703532,0.32557182212670643:-0.150462,-0.918067,0.366762
4.629294085999329,0.37701834837595627,0.311369385321935:-0.150474,-0.918077,0.366733
4.411405327916145,0.4120086113611857,0.2991882334152858:-0.170486,-0.951833,0.254851
4.48925883024931,0.4023100435733795,0.31504627267519636:-0.170489,-0.951834,0.254844
4.278775738179684,0.43790722886721295,0.31651323089996974:-0.138288,-0.961152,0.238881
4.201730225483577,0.44522377848625183,0.30134834051132203:-0.1383,-0.961158,0.23885
3.982199184099833,0.4772847771644592,0.28714466591676074:-0.155123,-0.979061,0.13182
4.061125706632931,0.46707144180933635,0.3041641722122828:-0.155121,-0.979061,0.131825
3.844405157367388,0.49847595691680907,0.29182890752951307:-0.137952,-0.982893,0.122031
3.7580087219675384,0.5069106499354045,0.2620963677763939:-0.137953,-0.982893,0.122023
4.799652536213398,0.42973763346672056,0.5262489765882492:-0.0852247,-0.936603,0.33987
4.726413993289073,0.43214928507804873,0.5145281821489334:-0.0852389,-0.936613,0.339838
4.517158872634172,0.4538361688454946,0.5101888403296471:-0.108589,-0.968535,0.223938
4.592245066165924,0.44851064880688984,0.523565149307251:-0.108585,-0.968533,0.223948
4.389822967598836,0.4708127717177073,0.5329646448294322:-0.0734934,-0.975781,0.206034
4.315588817000389,0.47378723820050556,0.5205728520949682:-0.0734888,-0.975779,0.206045
4.104935697217782,0.49252525965372723,0.5148767364521821:-0.0946209,-0.990746,0.0973124
4.181043376028538,0.4866556465625763,0.5291138641536236:-0.094602,-0.990743,0.0973549
3.9796286756793657,0.5046102543671925,0.539211493730545:-0.0624509,-0.994929,0.0788452
3.904403828581174,0.5082433521747589,0.5254813730716705:-0.0624353,-0.994927,0.0788793
3.667334651450316,0.5267999013264973,0.4754876502168675:-0.0794452,-0.996789,-0.0099967
3.7610410906374456,0.5189065774281819,0.5178343143935005:-0.0794451,-0.996789,-0.00999658
3.416603230436643,0.5404921372731526,0.509466883353889:-0.0501329,-0.998348,-0.0280821
3.2440735804537932,0.5564953327178955,0.4531551405787468:-0.0755027,-0.99386,-0.0808845
3.00307866577059,0.5620441337426503,0.49821994478503867:-0.0302526,-0.993388,-0.110746
2.8247048394133647,0.5769498864809672,0.43589330712954205:-0.0409829,-0.990379,-0.132173
4.736823410789172,0.39010617931683855,0.39242214659849806:-0.129401,-0.924622,0.358232
4.661740317444007,0.39543556769688926,0.37905309796333314:-0.129436,-0.924649,0.358149
4.446716370681922,0.4259899655977885,0.3694825738668442:-0.150465,-0.957793,0.244934
4.523643234372139,0.41774826248486835,0.3845058863361676:-0.15043,-0.957776,0.245021
4.315849260489146,0.4489234447479248,0.3886262396971385:-0.117257,-0.966501,0.228311
4.23974243576328,0.4547928949197133,0.37438405156135557:-0.117259,-0.966502,0.228306
4.023155555625756,0.4824096143245697,0.36302427649497987:-0.135422,-0.983416,0.120637
4.101140271623929,0.473645281791687,0.3791126099725564:-0.135402,-0.983413,0.120687
3.8938247802356876,0.5002729415893554,0.38392948831121126:-0.101047,-0.989743,0.100985
3.8166734742621578,0.5065772652626037,0.3685113263626893:-0.101066,-0.989746,0.10094
3.5735326603055,0.5333096921443939,0.3134032719147702:-0.115362,-0.993247,0.0123274
3.669174342602491,0.5227472563584645,0.35744771876682835:-0.115377,-0.993246,0.0123094
3.3140482726196447,0.5562068084875743,0.3425597377121449:-0.0790483,-0.996818,-0.0102107
3.1372199515501658,0.5764802078406016,0.28387843022743864:-0.102166,-0.992762,-0.0631309
2.886315727978945,0.5871526896953583,0.3277188452581565:-0.0428238,-0.993807,-0.102535
2.7035550886144244,0.6039775133132934,0.26470253691077233:-0.0527539,-0.990922,-0.123652